DBRep_DrawableShape

CASCADE Topology V1, (c) Matra-Datavision
Locations 368
1
              1               0               0               0 
              0               1               0               0 
              0               0               1            -300 
1
              1               0               0               0 
              0               1               0               0 
              0               0               1             300 
1
              1               0               0               0 
              0               1               0               0 
              0               0               1            -300 
1
              1               0               0               0 
              0 1.11022302462516e-16               1               0 
              0              -1 1.11022302462516e-16               0 
2  3 1 4 1 0
1
              1               0               0               0 
              0               1               0               0 
              0               0               1             300 
1
              1               0               0               0 
              0 1.11022302462516e-16               1               0 
              0              -1 1.11022302462516e-16               0 
2  6 1 7 1 0
1
              1               0               0               0 
              0               1               0               0 
              0               0               1            -300 
1
1.11022302462516e-16               0               1               0 
              0               1               0               0 
             -1               0 1.11022302462516e-16               0 
2  9 1 10 1 0
1
              1               0               0               0 
              0               1               0               0 
              0               0               1             300 
1
1.11022302462516e-16               0               1               0 
              0               1               0               0 
             -1               0 1.11022302462516e-16               0 
2  12 1 13 1 0
1
              1               0               0               0 
              0               1               0               0 
              0               0               1             -50 
1
              1               0               0            -100 
              0               1               0               0 
              0               0               1               0 
2  15 1 16 1 0
1
              1               0               0               0 
              0               1               0               0 
              0               0               1             -50 
1
              1               0               0             100 
              0               1               0               0 
              0               0               1               0 
2  18 1 19 1 0
1
0.193313891499109 0.254505416119385 -0.947553023592542               0 
0.254505416119385 0.919704819320029 0.298948220408502               0 
0.947553023592542 -0.298948220408502 0.113018710819139               0 
1
              1               0               0 -24.2416456790116 
              0               1               0 -44.3321625402724 
              0               0               1 -70.8918610203111 
2  21 1 22 1 0
1
0.598997676867386 0.406489938126019 -0.68990413341984               0 
0.406489938126019 0.58794735026248 0.699345296346257               0 
0.68990413341984 -0.699345296346257 0.186945027129866               0 
1
              1               0               0 36.5087160627365 
              0               1               0 -54.4296375556683 
              0               0               1 -72.2029065940585 
2  24 1 25 1 0
1
0.605464150167236 0.581121406421642 -0.543793227119278               0 
0.581121406421642 0.144052209337598 0.800966211511752               0 
0.543793227119278 -0.800966211511752 -0.250483640495166               0 
1
              1               0               0 -15.0263599560178 
              0               1               0 -65.0999740916906 
              0               0               1 46.0657793428169 
2  27 1 28 1 0
1
0.72381300429962 0.459354787330552 -0.514866889752353               0 
0.459354787330552 0.236000159571574 0.856327684965688               0 
0.514866889752353 -0.856327684965688 -0.0401868361288056               0 
1
              1               0               0 -27.5589591716157 
              0               1               0 38.081428269187 
              0               0               1 54.5312781839143 
2  30 1 31 1 0
1
0.855485527753196 0.355989382723667 -0.376053282385434               0 
0.355989382723667 0.123074397728495 0.926349961953791               0 
0.376053282385434 -0.926349961953791 -0.0214400745183096               0 
1
              1               0               0 22.1038460016858 
              0               1               0 -56.3593557041753 
              0               0               1 -54.5317161508972 
2  33 1 34 1 0
1
0.729122600707794 0.429859087332458 -0.532542390965085               0 
0.429859087332458 0.317850675452752 0.845098877736763               0 
0.532542390965085 -0.845098877736763 0.0469732761605461               0 
1
              1               0               0 35.1434740862172 
              0               1               0 -71.0683519683421 
              0               0               1 -56.7984816388894 
2  36 1 37 1 0
1
0.265305526067078 0.599846499690031 -0.754849093957122               0 
0.599846499690031 0.510251082651761 0.616301881761141               0 
0.754849093957122 -0.616301881761141 -0.224443391281161               0 
1
              1               0               0 -52.0065294683712 
              0               1               0 -70.7540267968808 
              0               0               1 -68.3172182182857 
2  39 1 40 1 0
1
0.513057083179344 0.54552595680805 -0.662701938919878               0 
0.54552595680805 0.388843005470915 0.7424301634127               0 
0.662701938919878 -0.7424301634127 -0.0980999113497409               0 
1
              1               0               0 8.11743067728278 
              0               1               0 -38.0683398595431 
              0               0               1 -58.8758806340861 
2  42 1 43 1 0
1
0.823044890083389 0.326634426373493 -0.464658003713786               0 
0.326634426373493 0.397078453724122 0.857693799147294               0 
0.464658003713786 -0.857693799147294 0.220123343807511               0 
1
              1               0               0 37.0080347375408 
              0               1               0 51.3046338539409 
              0               0               1 -73.1166029761326 
2  45 1 46 1 0
1
0.149290334426959 -0.3157443850829 0.937026082526686               0 
-0.3157443850829 0.882810175144508 0.34778107761916               0 
-0.937026082526686 -0.34778107761916 0.0321005095714678               0 
1
              1               0               0 70.5197889866008 
              0               1               0 -72.9072640536604 
              0               0               1 67.5264178870619 
2  48 1 49 1 0
1
0.709480138266379 -0.48973015234702 0.506756658848884               0 
-0.48973015234702 0.174460497514135 0.854241132637199               0 
-0.506756658848884 -0.854241132637199 -0.116059364219486               0 
1
              1               0               0 81.653408862974 
              0               1               0 -39.8456870817869 
              0               0               1 8.49797822927346 
2  51 1 52 1 0
1
0.968048673426758 -0.156987354557497 0.195542160123417               0 
-0.156987354557497 0.228669600479102 0.960762813771311               0 
-0.195542160123417 -0.960762813771311 0.196718273905861               0 
1
              1               0               0 13.904044806112 
              0               1               0 -72.6700086673746 
              0               0               1 58.9333062787727 
2  54 1 55 1 0
1
0.132861654725555 0.981608729251659 -0.137084219954493               0 
0.981608729251659 -0.111190276146876 0.155180621043112               0 
0.137084219954493 -0.155180621043112 -0.978328621421321               0 
1
              1               0               0 11.5881847729041 
              0               1               0 47.4527267740821 
              0               0               1 -2.33573317284366 
2  57 1 58 1 0
1
-0.7418611322952 0.618680099205808 0.25860586852656               0 
0.618680099205808 0.780255120194944 -0.0918525027218424               0 
-0.25860586852656 0.0918525027218424 -0.961606012100256               0 
1
              1               0               0 -149.094613014121 
              0               1               0 -47.2304402596454 
              0               0               1  53.89767091464 
2  60 1 61 1 0
1
-0.920231365997414 -0.16780318825621 0.353576474112157               0 
-0.16780318825621 0.985336188915796 0.0308979744311129               0 
-0.353576474112157 -0.0308979744311129 -0.934895177081618               0 
1
              1               0               0 -102.68097903884 
              0               1               0 -40.6779493559436 
              0               0               1 9.07949858040882 
2  63 1 64 1 0
1
0.974637811304033 -0.220066080982916 0.0406455013169204               0 
-0.220066080982916 -0.909499238402929 0.352678402153169               0 
-0.0406455013169204 -0.352678402153169 -0.934861427098896               0 
1
              1               0               0 146.986553507722 
              0               1               0 -48.7919774836616 
              0               0               1 -45.7443770986939 
2  66 1 67 1 0
1
-0.932942551093209 0.108757935463753 -0.343205343538469               0 
0.108757935463753 0.993880682837859 0.0193106125074755               0 
0.343205343538469 -0.0193106125074755 -0.93906186825535               0 
1
              1               0               0 69.5401227426886 
              0               1               0 74.5130137812315 
              0               0               1 -31.5595880719684 
2  69 1 70 1 0
1
-0.782027514409949 -0.496255128717216 -0.377046169490762               0 
-0.496255128717216 0.861803956006996 -0.104998993483513               0 
0.377046169490762 0.104998993483513 -0.920223558402953               0 
1
              1               0               0 -97.9709487638631 
              0               1               0 60.2343877003982 
              0               0               1 -21.9697705998014 
2  72 1 73 1 0
1
-0.674598348573056 0.67614095513777 -0.296227069809447               0 
0.67614095513777 0.726999258297267 0.119605548452435               0 
0.296227069809447 -0.119605548452435 -0.947599090275788               0 
1
              1               0               0 93.7831764098486 
              0               1               0 -70.1360512028314 
              0               0               1 40.092676263265 
2  75 1 76 1 0
1
0.999684967736282 -0.0250509630704035 0.001553876235341               0 
-0.0250509630704035 -0.992020573854021 0.123562252729481               0 
-0.001553876235341 -0.123562252729481 -0.992335606117739               0 
1
              1               0               0 -70.7107551819298 
              0               1               0 -65.194242743666 
              0               0               1 34.9867601589641 
2  78 1 79 1 0
1
-0.299332696168678 0.911988236770143 -0.280494907257288               0 
0.911988236770143 0.35988484976973 0.196876486404811               0 
0.280494907257288 -0.196876486404811 -0.939447846398948               0 
1
              1               0               0 -70.0083893545094 
              0               1               0 -49.8025060200578 
              0               0               1 -45.15781148594 
2  81 1 82 1 0
1
0.770131022222561 -0.606913497723193 0.196352272438677               0 
-0.606913497723193 -0.602408455808397 0.518420735167819               0 
-0.196352272438677 -0.518420735167819 -0.832277433585836               0 
1
              1               0               0 10.0960034913634 
              0               1               0 70.9181387898983 
              0               0               1 -53.6222493351233 
2  84 1 85 1 0
1
-0.799734817782861 0.405754155518396 0.442479136802367               0 
0.405754155518396 0.908521837165285 -0.0997578902812639               0 
-0.442479136802367 0.0997578902812639 -0.891212980617576               0 
1
              1               0               0 123.231849352151 
              0               1               0 48.6356759436747 
              0               0               1 -71.0058172962568 
2  87 1 88 1 0
1
0.348333268559329 0.916409173406136 0.197124734398949               0 
0.916409173406136 -0.288704383061445 -0.277207514505275               0 
-0.197124734398949 0.277207514505275 -0.940371114502116               0 
1
              1               0               0 131.665943210914 
              0               1               0 -73.0295464615392 
              0               0               1 -62.9205709307421 
2  90 1 91 1 0
1
0.469164979409804 0.858139863661512 -0.208519055461127               0 
0.858139863661512 -0.387255921408963 0.337088750522319               0 
0.208519055461127 -0.337088750522319 -0.918090941999159               0 
1
              1               0               0 -140.715298118655 
              0               1               0 -22.0490871687263 
              0               0               1 -40.2446534271312 
2  93 1 94 1 0
1
-0.811904031175621 0.40286634540467 -0.422505090976501               0 
0.40286634540467 0.910425006254659 0.0939415548439013               0 
0.422505090976501 -0.0939415548439013 -0.901479024920962               0 
1
              1               0               0 -141.813832944759 
              0               1               0 -4.70574858808362 
              0               0               1 31.697177720473 
2  96 1 97 1 0
1
-0.407522678214705 -0.830674595365081 0.379348103139811               0 
-0.830674595365081 0.509762582113306 0.223879044334734               0 
-0.379348103139811 -0.223879044334734 -0.897760096101399               0 
1
              1               0               0 6.61537417575323 
              0               1               0 -6.38926258658525 
              0               0               1 8.08269165771215 
2  99 1 100 1 0
1
-0.972336965080495 -0.155708302987024 -0.174114188735307               0 
-0.155708302987024 0.987707437396171 -0.0137456354233215               0 
0.174114188735307 0.0137456354233215 -0.984629527684324               0 
1
              1               0               0 -52.2030564689924 
              0               1               0 -54.3505888581595 
              0               0               1 -29.322301811907 
2  102 1 103 1 0
1
0.569104595868877 -0.813374820880494 0.120587560380608               0 
-0.813374820880494 -0.535357752483836 0.227625740225221               0 
-0.120587560380608 -0.227625740225221 -0.966253156614959               0 
1
              1               0               0 107.846796259676 
              0               1               0 -73.3666899294782 
              0               0               1 50.2281071447698 
2  105 1 106 1 0
1
0.60148895689435 0.788168481892263 -0.130389719248842               0 
0.788168481892263 -0.55882645310701 0.257882607904227               0 
0.130389719248842 -0.257882607904227 -0.95733749621266               0 
1
              1               0               0 57.0683604488244 
              0               1               0 -27.0070742883482 
              0               0               1 63.5184322678163 
2  108 1 109 1 0
1
-0.0621719945825914 0.951422523491374 0.301545726023314               0 
0.951422523491374 0.147779434193782 -0.27010446242643               0 
-0.301545726023314 0.27010446242643 -0.914392560388809               0 
1
              1               0               0 -14.1439500145388 
              0               1               0 72.6575175290266 
              0               0               1  30.90777065039 
2  111 1 112 1 0
1
0.994264948616897 -0.10499184173259 -0.0203451498258822               0 
-0.10499184173259 -0.92209033433931 -0.372459566245276               0 
0.0203451498258822 0.372459566245276 -0.927825385722412               0 
1
              1               0               0 -62.9709444937723 
              0               1               0 -24.193796177748 
              0               0               1 -56.0684844375962 
2  114 1 115 1 0
1
0.877162512045669 0.445651276572252 0.178831952265958               0 
0.445651276572252 -0.616811476837722 -0.648797766434804               0 
-0.178831952265958 0.648797766434804 -0.739648964792053               0 
1
              1               0               0 -147.195426610045 
              0               1               0 3.58442034991975 
              0               0               1 71.4065325701621 
2  117 1 118 1 0
1
0.76648238133754 -0.634952125597031 0.0966465586503006               0 
-0.634952125597031 -0.72648301275693 0.262789326981569               0 
-0.0966465586503006 -0.262789326981569 -0.96000063141939               0 
1
              1               0               0 23.0267804961272 
              0               1               0 38.2337185590799 
              0               0               1 -51.024952448386 
2  120 1 121 1 0
1
0.859724886063569 -0.500695548225173 0.100881555650557               0 
-0.500695548225173 -0.787173968193074 0.36008486747802               0 
-0.100881555650557 -0.36008486747802 -0.927449082129505               0 
1
              1               0               0 131.060514392728 
              0               1               0 -71.5627303016427 
              0               0               1 38.1458925864448 
2  123 1 124 1 0
1
0.686379735885253 -0.725660816312116 0.0479503684586777               0 
-0.725660816312116 -0.679048456314359 0.110948517999653               0 
-0.0479503684586777 -0.110948517999653 -0.992668720429106               0 
1
              1               0               0 -81.6299130146049 
              0               1               0 -73.1094349455186 
              0               0               1 37.3392562868755 
2  126 1 127 1 0
1
-0.726411846221462 -0.680002398600117 -0.0996120854475749               0 
-0.680002398600117 0.732159355188648 -0.0392353986577207               0 
0.0996120854475749 0.0392353986577207 -0.994252491032814               0 
1
              1               0               0 -123.755337133923 
              0               1               0 25.8704766980601 
              0               0               1  20.73280659305 
2  129 1 130 1 0
1
0.986051949215946 0.163748803191287 0.0297973639916954               0 
0.163748803191287 -0.922395534810811 -0.349818248258291               0 
-0.0297973639916954 0.349818248258291 -0.936343585594865               0 
1
              1               0               0 -81.8070791145934 
              0               1               0 28.0212339985488 
              0               0               1 14.5690954419974 
2  132 1 133 1 0
1
0.79684714701855 0.28535721480402 -0.532546602888132               0 
0.28535721480402 0.59917501110288 0.748037810561174               0 
0.532546602888132 -0.748037810561174 0.39602215812143               0 
1
              1               0               0 118.76586545882 
              0               1               0 64.4155850615642 
              0               0               1 -33.1224481483291 
2  135 1 136 1 0
1
0.804338660820176 0.435590214359891 -0.404104545710526               0 
0.435590214359891 0.0302691597561086 0.899636005905479               0 
0.404104545710526 -0.899636005905479 -0.165392179423716               0 
1
              1               0               0 -21.5726430386115 
              0               1               0 28.6345376275386 
              0               0               1 12.8638907187432 
2  138 1 139 1 0
1
0.550611878574677 0.515621564809531 -0.656476169465302               0 
0.515621564809531 0.408383120467483 0.753231457667968               0 
0.656476169465302 -0.753231457667968 -0.0410050009578398               0 
1
              1               0               0 49.0324493455344 
              0               1               0 -49.1489237482007 
              0               0               1 9.1545328883565 
2  141 1 142 1 0
1
0.72836770210984 0.592926867789524 -0.343392224688526               0 
0.592926867789524 -0.294257985067952 0.749566519848007               0 
0.343392224688526 -0.749566519848007 -0.565890282958112               0 
1
              1               0               0 -115.576208113987 
              0               1               0 64.8893194555745 
              0               0               1 45.0949009020924 
2  144 1 145 1 0
1
0.520913805902118 0.470954882914206 -0.711934199965023               0 
0.470954882914206 0.537038419238151 0.699850865914628               0 
0.711934199965023 -0.699850865914628 0.057952225140269               0 
1
              1               0               0 134.846777612121 
              0               1               0 29.522724223485 
              0               0               1 -40.0538589238469 
2  147 1 148 1 0
1
0.797607749687331 0.414266623710148 -0.438411954807926               0 
0.414266623710148 0.152058266781064 0.897363609683017               0 
0.438411954807926 -0.897363609683017 -0.0503339835316046               0 
1
              1               0               0 23.5168843161395 
              0               1               0  38.31945789037 
              0               0               1 -16.8209033903742 
2  150 1 151 1 0
1
0.636636933032836 0.593910908021891 -0.491897599944497               0 
0.593910908021891 0.0292624684961102 0.80399847093768               0 
0.491897599944497 -0.80399847093768 -0.334100598471053               0 
1
              1               0               0 -149.138901890652 
              0               1               0 -72.0179799240307 
              0               0               1 -66.0123465731683 
2  153 1 154 1 0
1
0.50163875035811 0.661495112304759 -0.557478950756052               0 
0.661495112304759 0.121970691105063 0.7399644362456               0 
0.557478950756052 -0.7399644362456 -0.376390558536827               0 
1
              1               0               0 115.782629793232 
              0               1               0 54.0041923024332 
              0               0               1 -41.1435992088218 
2  156 1 157 1 0
1
-0.265673434909119 -0.586063865499274 0.765471600740118               0 
-0.586063865499274 0.728626006542822 0.354447863790302               0 
-0.765471600740118 -0.354447863790302 -0.537047428366297               0 
1
              1               0               0 -71.0109688538667 
              0               1               0 61.1723778755286 
              0               0               1 17.5167535502486 
2  159 1 160 1 0
1
0.413147685347506 -0.750836339271243 0.515319106691919               0 
-0.750836339271243 0.0393576129897865 0.659314621352739               0 
-0.515319106691919 -0.659314621352739 -0.547494701662708               0 
1
              1               0               0 113.649595323553 
              0               1               0 44.7905386728059 
              0               0               1 14.0222112294956 
2  162 1 163 1 0
1
0.907615921235565 -0.292686268088882 0.300945323924329               0 
-0.292686268088882 0.0727271119276938 0.953438784433935               0 
-0.300945323924329 -0.953438784433935 -0.0196569668367412               0 
1
              1               0               0 121.617695612595 
              0               1               0 -1.46197160701084 
              0               0               1 46.1040793327262 
2  165 1 166 1 0
1
0.969835420519166 -0.185224402559036 0.158465068084615               0 
-0.185224402559036 -0.137363089220254 0.973048458411254               0 
-0.158465068084615 -0.973048458411254 -0.167527668701088               0 
1
              1               0               0 -12.0359202549579 
              0               1               0 14.8665461468818 
              0               0               1 -27.7132795356941 
2  168 1 169 1 0
1
0.269180707264143 0.957802966121606 -0.100773135931306               0 
0.957802966121606 -0.255285035616761 0.132072058660425               0 
0.100773135931306 -0.132072058660425 -0.986104328352619               0 
1
              1               0               0 -146.89072159943 
              0               1               0 -12.9620377498258 
              0               0               1 -74.2140243522801 
2  171 1 172 1 0
1
-0.673661724316903 0.594418598240629 0.439142814191494               0 
0.594418598240629 0.788885970921893 -0.155966198095193               0 
-0.439142814191494 0.155966198095193 -0.88477575339501               0 
1
              1               0               0 124.582295974436 
              0               1               0 -22.6518604168817 
              0               0               1 11.7749369683801 
2  174 1 175 1 0
1
0.810935000403563 -0.582342124659704 0.0571145775375731               0 
-0.582342124659704 -0.793681278274885 0.175919522403757               0 
-0.0571145775375731 -0.175919522403757 -0.982746277871323               0 
1
              1               0               0 36.7487706899763 
              0               1               0 -0.412485995920306 
              0               0               1 -22.1355554675387 
2  177 1 178 1 0
1
0.872108100267877 0.485439619699297 0.0614478402660099               0 
0.485439619699297 -0.842584439416285 -0.233237728679877               0 
-0.0614478402660099 0.233237728679877 -0.970476339148408               0 
1
              1               0               0 121.742848802491 
              0               1               0 2.85239761105181 
              0               0               1 53.3742550880892 
2  180 1 181 1 0
1
0.877107588844667 0.477543847235181 -0.0513239861947251               0 
0.477543847235181 -0.855672973524224 0.199438302108786               0 
0.0513239861947251 -0.199438302108786 -0.978565384679557               0 
1
              1               0               0 -75.044795932489 
              0               1               0 71.3983602496357 
              0               0               1 46.1547613668314 
2  183 1 184 1 0
1
0.980501150036667 -0.189749814925446 0.0511126453290378               0 
-0.189749814925446 -0.846518760437036 0.497394205800493               0 
-0.0511126453290378 -0.497394205800493 -0.866017610400369               0 
1
              1               0               0 -105.962287974827 
              0               1               0 -60.9634356273779 
              0               0               1 -28.7037078554023 
2  186 1 187 1 0
1
0.486955779819881 -0.845513428770658 0.21904590904305               0 
-0.845513428770658 -0.393433411998154 0.360994725850635               0 
-0.21904590904305 -0.360994725850635 -0.906477632178273               0 
1
              1               0               0 3.68780768350842 
              0               1               0 -3.46764997182099 
              0               0               1 44.9664805346079 
2  189 1 190 1 0
1
-0.677946044299433 0.648355140301554 -0.346445916505456               0 
0.648355140301554 0.749476814595099 0.133866039117233               0 
0.346445916505456 -0.133866039117233 -0.928469229704334               0 
1
              1               0               0 -75.7811890192844 
              0               1               0 26.0773512025302 
              0               0               1 34.3978379041685 
2  192 1 193 1 0
1
0.678759646169044 -0.717835066980781 0.154913393046475               0 
-0.717835066980781 -0.604054961471181 0.346165307526256               0 
-0.154913393046475 -0.346165307526256 -0.925295315302137               0 
1
              1               0               0 129.558334990962 
              0               1               0 -55.4496328568469 
              0               0               1 21.5843466467494 
2  195 1 196 1 0
1
0.198928743410265 0.302910210189438 -0.932026158221004               0 
0.302910210189438 0.885460132688294 0.352428372839955               0 
0.932026158221004 -0.352428372839955 0.0843888760985592               0 
1
              1               0               0 11.6450202010071 
              0               1               0 27.7829250595139 
              0               0               1 56.7176154586418 
2  198 1 199 1 0
1
0.525593440771104 0.342273656541643 -0.778845478292072               0 
0.342273656541643 0.753057259257113 0.561919485618517               0 
0.778845478292072 -0.561919485618517 0.278650700028217               0 
1
              1               0               0 139.452014144516 
              0               1               0 74.5984275677221 
              0               0               1 70.4393622479512 
2  201 1 202 1 0
1
0.25512189706771 0.671671624293409 -0.695535798327898               0 
0.671671624293409 0.394340135513481 0.627178672024379               0 
0.695535798327898 -0.627178672024379 -0.35053796741881               0 
1
              1               0               0 -78.8919059270917 
              0               1               0 63.4536803319725 
              0               0               1 37.0682464105777 
2  204 1 205 1 0
1
0.740413764701378 0.392497660823754 -0.545649194344327               0 
0.392497660823754 0.406538587938232 0.825028461790907               0 
0.545649194344327 -0.825028461790907 0.14695235263961               0 
1
              1               0               0 121.013856168676 
              0               1               0 31.7287137942708 
              0               0               1 8.43603509856283 
2  207 1 208 1 0
1
0.327304447998905 0.433550850817897 -0.839586480402829               0 
0.433550850817897 0.720577399856783 0.541111698793064               0 
0.839586480402829 -0.541111698793064 0.0478818478556881               0 
1
              1               0               0 -42.8190719992501 
              0               1               0 5.82465965124793 
              0               0               1 31.9483470574015 
2  210 1 211 1 0
1
0.546904440923218 0.542974264447293 -0.637239735614771               0 
0.542974264447293 0.349318160494002 0.763646365078108               0 
0.637239735614771 -0.763646365078108 -0.103777398582779               0 
1
              1               0               0 122.56054527594 
              0               1               0 7.92329680286488 
              0               0               1 8.95754730812136 
2  213 1 214 1 0
1
0.941240163629508 0.204390087323735 -0.268871059384405               0 
0.204390087323735 0.289049963774526 0.935240509519205               0 
0.268871059384405 -0.935240509519205 0.230290127404034               0 
1
              1               0               0 -145.253627146033 
              0               1               0 -56.3740027320133 
              0               0               1 -64.203858046577 
2  216 1 217 1 0
1
0.232775691114243 -0.425179409664627 0.874664476941602               0 
-0.425179409664627 0.764374605563131 0.484720467865188               0 
-0.874664476941602 -0.484720467865188 -0.0028497033226258               0 
1
              1               0               0 -130.211672794793 
              0               1               0 64.7958103795256 
              0               0               1 67.3524481031425 
2  219 1 220 1 0
1
0.937287681719728 0.2531586782019 -0.239588157778146               0 
0.2531586782019 -0.0219573778552822 0.967175556560849               0 
0.239588157778146 -0.967175556560849 -0.0846696961355546               0 
1
              1               0               0 103.420333617667 
              0               1               0 -32.1421722398779 
              0               0               1 -9.94854765158125 
2  222 1 223 1 0
1
0.597525533578545 -0.772853419282705 0.213683946576961               0 
-0.772853419282705 -0.484075283105037 0.410327567426086               0 
-0.213683946576961 -0.410327567426086 -0.886549749526492               0 
1
              1               0               0 135.358135647061 
              0               1               0 30.2814794634466 
              0               0               1 49.5599355056009 
2  225 1 226 1 0
1
-0.955475415427791 -0.130207759546863 0.26478797152982               0 
-0.130207759546863 0.991329954591884 0.017631235992969               0 
-0.26478797152982 -0.017631235992969 -0.964145460835907               0 
1
              1               0               0 -106.332530652481 
              0               1               0 -66.4553400775751 
              0               0               1 -33.8820337249722 
2  228 1 229 1 0
1
-0.980630916023444 -0.136102845478056 0.14085106315466               0 
-0.136102845478056 0.990647432392697 0.00967885047581054               0 
-0.14085106315466 -0.00967885047581054 -0.989983483630747               0 
1
              1               0               0 63.3367376297448 
              0               1               0 10.6073777319385 
              0               0               1 37.0981215497885 
2  231 1 232 1 0
1
-0.754592436704633 -0.572528660757735 0.320626242031307               0 
-0.572528660757735 0.813182217971554 0.104621283617713               0 
-0.320626242031307 -0.104621283617713 -0.94141021873308               0 
1
              1               0               0 122.787961363276 
              0               1               0 47.5252663187433 
              0               0               1 41.0698930866273 
2  234 1 235 1 0
1
0.999388865732354 0.0345458797753799 0.00533640710060423               0 
0.0345458797753799 -0.952791510206732 -0.301653642889524               0 
-0.00533640710060423 0.301653642889524 -0.953402644474378               0 
1
              1               0               0 -29.7378802886637 
              0               1               0 14.1558935746467 
              0               0               1 -10.8394005995886 
2  237 1 238 1 0
1
-0.867160443392591 -0.0837311515474074 -0.49093977194327               0 
-0.0837311515474074 0.996245150884454 -0.0220157579873217               0 
0.49093977194327 0.0220157579873217 -0.870915292508137               0 
1
              1               0               0 -56.823824461737 
              0               1               0 -18.6847750248213 
              0               0               1 -41.7904948637698 
2  240 1 241 1 0
1
0.995996859329443 0.087316845555779 0.0191317716919615               0 
0.087316845555779 -0.904562478627944 -0.417303835041879               0 
-0.0191317716919615 0.417303835041879 -0.9085656192985               0 
1
              1               0               0 144.725234787883 
              0               1               0 71.302505140543 
              0               0               1 -42.8831794769027 
2  243 1 244 1 0
1
0.502753375025056 -0.81687625287405 -0.282758256097618               0 
-0.81687625287405 -0.341963482493569 -0.464514977294943               0 
0.282758256097618 0.464514977294943 -0.839210107468512               0 
1
              1               0               0 -55.6598966442451 
              0               1               0 40.121230329452 
              0               0               1 -18.4376101188999 
2  246 1 247 1 0
1
-0.864526940098356 -0.105992456154627 0.491282779143015               0 
-0.105992456154627 0.993974664286107 0.027927871305036               0 
-0.491282779143015 -0.027927871305036 -0.870552275812249               0 
1
              1               0               0 -40.0330068446297 
              0               1               0 19.8923725166996 
              0               0               1 -58.3619446448639 
2  249 1 250 1 0
1
-0.0877556630742191 0.995138143708396 0.0447103850912949               0 
0.995138143708396 0.0895934089971978 -0.0409034961937062               0 
-0.0447103850912949 0.0409034961937062 -0.998162254077021               0 
1
              1               0               0 -19.9223018180506 
              0               1               0 25.3099155310098 
              0               0               1 26.1846035645116 
2  252 1 253 1 0
1
-0.898994426523605 -0.0353527044462602 -0.436530877908803               0 
-0.0353527044462602 0.99934185498693 -0.00812669426135601               0 
0.436530877908803 0.00812669426135601 -0.899652571536675               0 
1
              1               0               0 65.0635990895067 
              0               1               0 -1.18922977596624 
              0               0               1 -43.8561507294278 
2  255 1 256 1 0
1
0.574658451429342 0.81665410300598 -0.0533267310485995               0 
0.81665410300598 -0.567972670898646 0.102387114207585               0 
0.0533267310485995 -0.102387114207585 -0.993314219469304               0 
1
              1               0               0 117.305686287702 
              0               1               0 34.5136816635157 
              0               0               1 62.6000344622446 
2  258 1 259 1 0
1
-0.917897486894393 -0.210869873407173 -0.336151900250765               0 
-0.210869873407173 0.976815182347019 -0.0369593834581018               0 
0.336151900250765 0.0369593834581018 -0.941082304547374               0 
1
              1               0               0 17.5549652767554 
              0               1               0 38.7417390715494 
              0               0               1 -9.70410635557201 
2  261 1 262 1 0
1
0.638292712728233 0.764249621593182 0.0922221707221882               0 
0.764249621593182 -0.614779421533958 -0.194855789631849               0 
-0.0922221707221882 0.194855789631849 -0.976486708805725               0 
1
              1               0               0 38.4927112564071 
              0               1               0 -41.9648660761266 
              0               0               1 -3.2953038052075 
2  264 1 265 1 0
1
-0.373927313861907 0.924101925815677 0.078828894777091               0 
0.924101925815677 0.378450111093669 -0.0530202236599198               0 
-0.078828894777091 0.0530202236599198 -0.995477202768238               0 
1
              1               0               0 -56.5667357602612 
              0               1               0 -5.42133241495566 
              0               0               1 -44.6096812170506 
2  267 1 268 1 0
1
0.999762456022686 0.0211449442890307 0.00528420840804971               0 
0.0211449442890307 -0.882214291613334 -0.47037308065428               0 
-0.00528420840804971 0.47037308065428 -0.882451835590647               0 
1
              1               0               0 5.18027955033895 
              0               1               0 -56.2766185332486 
              0               0               1 -10.3227367259444 
2  270 1 271 1 0
1
-0.719555234599152 0.622803670043861 -0.307173978293828               0 
0.622803670043861 0.774427477748034 0.111254978714287               0 
0.307173978293828 -0.111254978714287 -0.945127756851118               0 
1
              1               0               0 124.921755916169 
