DBRep_DrawableShape

CASCADE Topology V1, (c) Matra-Datavision
Locations 199
1
              1               0               0               0 
              0               1               0               0 
              0               0               1            -300 
1
              1               0               0               0 
              0               1               0               0 
              0               0               1             300 
1
              1               0               0               0 
              0               1               0               0 
              0               0               1            -300 
1
              1               0               0               0 
              0 1.11022302462516e-16               1               0 
              0              -1 1.11022302462516e-16               0 
2  3 1 4 1 0
1
              1               0               0               0 
              0               1               0               0 
              0               0               1             300 
1
              1               0               0               0 
              0 1.11022302462516e-16               1               0 
              0              -1 1.11022302462516e-16               0 
2  6 1 7 1 0
1
              1               0               0               0 
              0               1               0               0 
              0               0               1            -300 
1
1.11022302462516e-16               0               1               0 
              0               1               0               0 
             -1               0 1.11022302462516e-16               0 
2  9 1 10 1 0
1
              1               0               0               0 
              0               1               0               0 
              0               0               1             300 
1
1.11022302462516e-16               0               1               0 
              0               1               0               0 
             -1               0 1.11022302462516e-16               0 
2  12 1 13 1 0
1
              1               0               0               0 
              0               1               0               0 
              0               0               1             -50 
1
              1               0               0            -100 
              0               1               0               0 
              0               0               1               0 
2  15 1 16 1 0
1
              1               0               0               0 
              0               1               0               0 
              0               0               1             -50 
1
              1               0               0             100 
              0               1               0               0 
              0               0               1               0 
2  18 1 19 1 0
1
0.892392002343442 0.270500749123956 -0.361200579840124               0 
0.270500749123956 0.320025863596561 0.907971800967769               0 
0.361200579840124 -0.907971800967769 0.212417865940003               0 
1
              1               0               0 -25.7832036541295 
              0               1               0 -50.1968704324601 
              0               0               1 18.2543580313683 
2  21 1 22 1 0
1
0.871697769048934 0.392620192092943 -0.293244580846793               0 
0.392620192092943 -0.201464807715559 0.897363536150781               0 
0.293244580846793 -0.897363536150781 -0.329767038666624               0 
1
              1               0               0 -135.013962316174 
              0               1               0 37.6218154704233 
              0               0               1 -7.51317997800892 
2  24 1 25 1 0
1
0.127636392104867 0.44684450444398 -0.885459733843763               0 
0.44684450444398 0.771116069784759 0.453552638365076               0 
0.885459733843763 -0.453552638365076 -0.101247538110374               0 
1
              1               0               0 10.7689217746535 
              0               1               0 33.8996978025677 
              0               0               1 11.7584421580698 
2  27 1 28 1 0
1
0.934780353633443 0.282395010751265 -0.21549651589696               0 
0.282395010751265 -0.222744165906717 0.933079897145638               0 
0.21549651589696 -0.933079897145638 -0.287963812273274               0 
1
              1               0               0 25.9665121505979 
              0               1               0 -22.6652487033236 
              0               0               1 11.0519230008429 
2  30 1 31 1 0
1
0.539270367325086 0.46483786022377 -0.702220218042498               0 
0.46483786022377 0.531017280041388 0.708481765467561               0 
0.702220218042498 -0.708481765467561 0.0702876473664743               0 
1
              1               0               0 121.020574586365 
              0               1               0 -34.5108162352461 
              0               0               1 -74.5694509453262 
2  33 1 34 1 0
1
0.347248545532189 0.547281458648626 -0.761512608329771               0 
0.547281458648626 0.541146951216272 0.638469249227217               0 
0.761512608329771 -0.638469249227217 -0.111604503251539               0 
1
              1               0               0 92.2173866128572 
              0               1               0 69.7260070722578 
              0               0               1 4.05871533864139 
2  36 1 37 1 0
1
0.998994573646249 0.0348746879920688 -0.0281708708208539               0 
0.0348746879920688 -0.209679712498599 0.977147979736928               0 
0.0281708708208539 -0.977147979736928 -0.21068513885235               0 
1
              1               0               0 -30.6969489043399 
              0               1               0 24.5162246727672 
              0               0               1 57.8913148966162 
2  39 1 40 1 0
1
0.249840314208776 -0.498322281115681 0.830213660174129               0 
-0.498322281115681 0.668970353166316 0.551501197395072               0 
-0.830213660174129 -0.551501197395072 -0.0811893326249078               0 
1
              1               0               0 15.8465936057298 
              0               1               0 -56.3740027320133 
              0               0               1 12.8638907187432 
2  42 1 43 1 0
1
0.168873468187162 -0.325325620747671 0.930400447241714               0 
-0.325325620747671 0.872658668128416 0.364184142193866               0 
-0.930400447241714 -0.364184142193866 0.0415321363155774               0 
1
              1               0               0 102.609267707882 
              0               1               0 -33.1224481483291 
              0               0               1 70.4393622479512 
2  45 1 46 1 0
1
-0.195884109208976 -0.974058605483994 -0.113310409239325               0 
-0.974058605483994 0.206620307426775 -0.0922923704400445               0 
0.113310409239325 0.0922923704400445 -0.989263801782202               0 
1
              1               0               0 92.2081586654524 
              0               1               0 -14.7780624795689 
              0               0               1 56.2442467433847 
2  48 1 49 1 0
1
0.589719611884084 -0.796333384871086 -0.134476464480014               0 
-0.796333384871086 -0.545642634229634 -0.261011984113194               0 
0.134476464480014 0.261011984113194 -0.95592302234555               0 
1
              1               0               0 23.3571645853606 
              0               1               0 -10.4629093768103 
              0               0               1 -50.8542844776587 
2  51 1 52 1 0
1
-0.986564364975753 0.14970354794576 0.0654186631813867               0 
0.14970354794576 0.988718637733229 -0.00492982062539               0 
-0.0654186631813867 0.00492982062539 -0.997845727242524               0 
1
              1               0               0 33.6093531134802 
              0               1               0 -45.2145167359334 
              0               0               1 -41.2440063278873 
2  54 1 55 1 0
1
0.969097135939854 -0.244412037014884 0.0333691066018803               0 
-0.244412037014884 -0.933064965159811 0.263917651841548               0 
-0.0333691066018803 -0.263917651841548 -0.963967829219957               0 
1
              1               0               0 -133.827218377874 
              0               1               0 -10.9948485977951 
              0               0               1 13.8767803148695 
2  57 1 58 1 0
1
0.998099637364188 -0.0604025706362763 -0.0121919380742628               0 
-0.0604025706362763 -0.919881221991523 -0.387517827832363               0 
0.0121919380742628 0.387517827832363 -0.921781584627335               0 
1
              1               0               0 -23.9418959996603 
              0               1               0 -23.4980640338365 
              0               0               1 -28.1595243447125 
2  60 1 61 1 0
1
0.98797679267842 -0.153443247775475 -0.0188951539018828               0 
-0.153443247775475 -0.958281984011599 -0.241144788106456               0 
0.0188951539018828 0.241144788106456 -0.970305191333179               0 
1
              1               0               0 -149.879392532593 
              0               1               0 60.5762933739558 
              0               0               1 -36.4322559326706 
2  63 1 64 1 0
1
-0.979665395127481 0.190411904539765 0.0632378067239642               0 
0.190411904539765 0.981685443671593 -0.00608245779658749               0 
-0.0632378067239642 0.00608245779658749 -0.997979951455888               0 
1
              1               0               0 142.135061507497 
              0               1               0 -37.1449947743115 
              0               0               1 -0.0623743981670941 
2  66 1 67 1 0
1
0.408465521531095 0.912327822263746 -0.0285282744627245               0 
0.912327822263746 -0.407089671984798 0.043999360072615               0 
0.0285282744627245 -0.043999360072615 -0.998624150453703               0 
1
              1               0               0 -64.3271154912918 
              0               1               0 34.9713787931267 
              0               0               1 -12.6226922598709 
2  69 1 70 1 0
1
-0.981989152035788 -0.0931833897571783 -0.164359852632553               0 
-0.0931833897571783 0.995618974948617 -0.00772739255033774               0 
0.164359852632553 0.00772739255033774 -0.986370177087172               0 
1
              1               0               0 26.0500021968249 
              0               1               0 2.85174411960837 
              0               0               1 17.5027600732854 
2  72 1 73 1 0
1
0.784831089940055 0.610958662191928 -0.103777036747802               0 
0.610958662191928 -0.734778908362548 0.29466840502197               0 
0.103777036747802 -0.29466840502197 -0.949947818422493               0 
1
              1               0               0 51.2366372362762 
              0               1               0 -63.0560883452621 
              0               0               1 6.60151782209071 
2  75 1 76 1 0
1
0.989254318870848 -0.145257486719226 -0.0166179164574797               0 
-0.145257486719226 -0.963555143167728 -0.224636926232161               0 
0.0166179164574797 0.224636926232161 -0.97430082429688               0 
1
              1               0               0 -14.7378190759952 
              0               1               0 72.4225670595667 
              0               0               1 23.1206020456116 
2  78 1 79 1 0
1
0.193313891499109 0.254505416119385 -0.947553023592542               0 
0.254505416119385 0.919704819320029 0.298948220408502               0 
0.947553023592542 -0.298948220408502 0.113018710819139               0 
1
              1               0               0 -24.2416456790116 
              0               1               0 -44.3321625402724 
              0               0               1 -70.8918610203111 
2  81 1 82 1 0
1
0.930319115264851 0.215927197855893 -0.296448627925525               0 
0.215927197855893 0.330884575431069 0.918635315545785               0 
0.296448627925525 -0.918635315545785 0.26120369069592               0 
1
              1               0               0 58.3200473183235 
              0               1               0 64.1262870594051 
              0               0               1 -57.7881040569937 
2  84 1 85 1 0
1
0.725938031719594 0.451335556311785 -0.518951047510084               0 
0.451335556311785 0.2567236319968 0.854628101798147               0 
0.518951047510084 -0.854628101798147 -0.0173383362836057               0 
1
              1               0               0 49.1383935659366 
              0               1               0 57.4959136808715 
              0               0               1 -13.7794795858078 
2  87 1 88 1 0
1
0.979393796897724 0.196765122634571 -0.0455112855549137               0 
0.196765122634571 -0.878876632110963 0.434579511762683               0 
0.0455112855549137 -0.434579511762683 -0.899482835213239               0 
1
              1               0               0 -19.8970953031625 
              0               1               0 -13.3782975116722 
              0               0               1 46.778804658081 
2  90 1 91 1 0
1
-0.986877614452925 -0.152173331150732 -0.0539986238546211               0 
-0.152173331150732 0.988345169050643 -0.00413571042813104               0 
0.0539986238546211 0.00413571042813104 -0.998532445402282               0 
1
              1               0               0 -55.4265590713881 
              0               1               0 -27.3924081062585 
              0               0               1 28.2619878578915 
2  93 1 94 1 0
1
-0.353239467442734 0.818344751492186 0.453358297978504               0 
0.818344751492186 0.505122228248085 -0.274159446736532               0 
-0.453358297978504 0.274159446736532 -0.848117239194649               0 
1
              1               0               0 143.027744709318 
              0               1               0 24.4079718562893 
              0               0               1 -58.3663048883956 
2  96 1 97 1 0
1
0.840934870367197 0.508576554268566 -0.184874098371888               0 
0.508576554268566 -0.626064192376878 0.591095183089661               0 
0.184874098371888 -0.591095183089661 -0.785129322009681               0 
1
              1               0               0 38.4228594922051 
              0               1               0 10.873277578741 
              0               0               1 52.750781240455 
2  99 1 100 1 0
1
-0.212960840615905 -0.947791669820131 -0.237357601487155               0 
-0.947791669820131 0.25940803750573 -0.185468112345474               0 
0.237357601487155 0.185468112345474 -0.953552803110175               0 
1
              1               0               0 75.006529110798 
              0               1               0 40.6325865752832 
              0               0               1 -39.9500791141125 
2  102 1 103 1 0
1
0.73462549445919 -0.630450955497678 0.250712934653669               0 
-0.630450955497678 -0.497764099373186 0.595619420508822               0 
-0.250712934653669 -0.595619420508822 -0.763138604913996               0 
1
              1               0               0 107.494150928713 
              0               1               0 10.3286986057073 
              0               0               1 -59.7049110861304 
2  105 1 106 1 0
1
0.982574815699742 0.17425384504387 -0.0646709288633167               0 
0.17425384504387 -0.742558471081664 0.646716718905804               0 
0.0646709288633167 -0.646716718905804 -0.759983655381922               0 
1
              1               0               0 76.5246565403041 
              0               1               0 -5.14351821120287 
              0               0               1 2.37855254527948 
2  108 1 109 1 0
1
0.79235930722474 0.595529618365816 -0.132329897995106               0 
0.595529618365816 -0.708025154466213 0.379532415337822               0 
0.132329897995106 -0.379532415337822 -0.915665847241473               0 
1
              1               0               0 -35.3691743905448 
              0               1               0 -47.7580723003854 
              0               0               1 -53.318168981301 
2  111 1 112 1 0
1
0.198928743410265 0.302910210189438 -0.932026158221004               0 
0.302910210189438 0.885460132688294 0.352428372839955               0 
0.932026158221004 -0.352428372839955 0.0843888760985592               0 
1
              1               0               0 11.6450202010071 
              0               1               0 27.7829250595139 
              0               0               1 56.7176154586418 
2  114 1 115 1 0
1
0.863551839023093 0.35699727231075 -0.35613363907741               0 
0.35699727231075 0.0659672396839033 0.931773186377012               0 
0.35613363907741 -0.931773186377012 -0.0704809212930042               0 
1
              1               0               0 -25.7462191419292 
              0               1               0 -22.835121038174 
              0               0               1 67.4233888060607 
2  117 1 118 1 0
1
0.955329353336483 0.178489645926168 -0.23555736658158               0 
0.178489645926168 0.286812345860487 0.941212050793632               0 
0.23555736658158 -0.941212050793632 0.24214169919697               0 
1
              1               0               0 4.46673361749257 
              0               1               0 18.5508310583413 
              0               0               1 -39.4459529635458 
2  120 1 121 1 0
1
0.688608787208244 0.166113983420508 -0.705849900964619               0 
0.166113983420508 0.911385246743355 0.376540936062369               0 
0.705849900964619 -0.376540936062369 0.599994033951599               0 
1
              1               0               0 133.378426797244 
              0               1               0 37.6413651041006 
              0               0               1 60.5069280843381 
2  123 1 124 1 0
1
0.984263909163455 0.127958794761706 -0.121865105593875               0 
0.127958794761706 -0.0405032181717504 0.990952085703877               0 
0.121865105593875 -0.990952085703877 -0.0562393090082958               0 
1
              1               0               0 -108.757588756129 
              0               1               0  59.38293272941 
              0               0               1 17.5717370431086 
2  126 1 127 1 0
1
0.99950865012725 -0.0237465779316215 0.0204586988183755               0 
-0.0237465779316215 -0.147654644349321 0.988753865245852               0 
-0.0204586988183755 -0.988753865245852 -0.148145994222072               0 
1
              1               0               0 74.1364928211554 
              0               1               0 8.43603509856283 
              0               0               1 -54.5317161508972 
2  129 1 130 1 0
1
-0.862229755493777 0.485176098959935 0.145478526728726               0 
0.485176098959935 0.873594626921013 -0.0379022533994289               0 
-0.145478526728726 0.0379022533994289 -0.988635128572764               0 
1
              1               0               0 -94.7969395117605 
              0               1               0 71.0703116890878 
              0               0               1 -4.96799658550405 
2  132 1 133 1 0
1
0.049192842118834 -0.996004548475485 -0.0745318972012405               0 
-0.996004548475485 -0.0433504337457256 -0.0780748314772582               0 
0.0745318972012405 0.0780748314772582 -0.994157591626892               0 
1
              1               0               0 53.7206509696289 
              0               1               0 44.645820593785 
              0               0               1 62.4458330202526 
2  135 1 136 1 0
1
-0.906832548011804 -0.252743379761115 -0.337306261212784               0 
-0.252743379761115 0.966499829216951 -0.0447086581159915               0 
0.337306261212784 0.0447086581159915 -0.940332718794853               0 
1
              1               0               0 125.580533393258 
              0               1               0 56.9997432845148 
              0               0               1 61.4453287427336 
2  138 1 139 1 0
1
-0.330603446162549 -0.923625425082178 0.193952147518951               0 
-0.923625425082178 0.358874405204254 0.134629994544527               0 
-0.193952147518951 -0.134629994544527 -0.971729040958295               0 
1
              1               0               0 -37.0259055762677 
              0               1               0 -34.4687606955363 
              0               0               1 -46.0555901971331 
2  141 1 142 1 0
1
-0.914812141713675 -0.0834641009232193 -0.395161345820057               0 
-0.0834641009232193 0.996361911442296 -0.0172245546860608               0 
0.395161345820057 0.0172245546860608 -0.918450230271378               0 
1
              1               0               0 31.4148302922159 
              0               1               0 53.2346914046103 
              0               0               1 34.2878501961894 
2  144 1 145 1 0
1
0.3914409451544 -0.877777322770366 -0.276190076010559               0 
-0.877777322770366 -0.266094099224925 -0.398372817832446               0 
0.276190076010559 0.398372817832446 -0.874653154070526               0 
1
              1               0               0 22.4134514124307 
              0               1               0 45.3241626006897 
              0               0               1 -37.7949662434154 
2  147 1 148 1 0
1
-0.937906099733764 0.146973732056881 -0.314214688019945               0 
0.146973732056881 0.988853289683285 0.0238305175734388               0 
0.314214688019945 -0.0238305175734388 -0.949052810050479               0 
1
              1               0               0 59.4171745341909 
              0               1               0 -23.5966638070077 
              0               0               1 -3.42885194253265 
2  150 1 151 1 0
1
0.914531178154534 -0.394385298172425 0.0899608846595483               0 
-0.394385298172425 -0.819842137238992 0.415113365953025               0 
-0.0899608846595483 -0.415113365953025 -0.905310959084458               0 
1
              1               0               0 -53.1957009489761 
              0               1               0 -18.311373100785 
              0               0               1 18.2709347610623 
2  153 1 154 1 0
1
0.585102739248362 0.48628201282467 -0.648987356215243               0 
0.48628201282467 0.430051199739383 0.760648256164375               0 
0.648987356215243 -0.760648256164375 0.0151539389877445               0 
1
              1               0               0 -108.217095824772 
              0               1               0 -10.7863215193058 
              0               0               1 -26.0032647341856 
2  156 1 157 1 0
1
0.225520838813932 -0.956069486719147 0.187273831127702               0 
-0.956069486719147 -0.180236873043263 0.231183490241352               0 
-0.187273831127702 -0.231183490241352 -0.954716034229331               0 
1
              1               0               0 117.866612557545 
              0               1               0 18.2879051880452 
              0               0               1 10.4241619118064 
2  159 1 160 1 0
1
0.140197208772228 0.958387245789739 0.248673741597367               0 
0.958387245789739 -0.0682753327432719 -0.277186518514795               0 
-0.248673741597367 0.277186518514795 -0.928078123971044               0 
1
              1               0               0 86.3787701476513 
              0               1               0 26.6701337151467 
              0               0               1 -23.2241923267178 
2  162 1 163 1 0
1
-0.389666318597781 -0.830409000931204 0.398222364167174               0 
-0.830409000931204 0.503780800038841 0.237961754667983               0 
-0.398222364167174 -0.237961754667983 -0.88588551855894               0 
1
              1               0               0 98.6537423942079 
              0               1               0  4.157196946312 
              0               0               1 -43.7708342386813 
2  165 1 166 1 0
1
-0.787300680051327 -0.276569032899308 0.551060077697396               0 
-0.276569032899308 0.957203378920741 0.0852716918083475               0 
-0.551060077697396 -0.0852716918083475 -0.830097301130586               0 
1
              1               0               0 109.34382901638 
              0               1               0 -64.7685977374944 
              0               0               1 -52.0992533860255 
2  168 1 169 1 0
2  82 -1 81 -1 0
2  85 -1 84 -1 0
2  88 -1 87 -1 0
2  91 -1 90 -1 0
2  94 -1 93 -1 0
2  97 -1 96 -1 0
2  100 -1 99 -1 0
2  103 -1 102 -1 0
2  106 -1 105 -1 0
2  109 -1 108 -1 0
2  112 -1 111 -1 0
2  115 -1 114 -1 0
2  118 -1 117 -1 0
2  121 -1 120 -1 0
2  124 -1 123 -1 0
2  127 -1 126 -1 0
2  130 -1 129 -1 0
2  133 -1 132 -1 0
2  139 -1 138 -1 0
2  145 -1 144 -1 0
2  148 -1 147 -1 0
2  151 -1 150 -1 0
2  16 -1 15 -1 0
2  19 -1 18 -1 0
2  157 -1 156 -1 0
2  160 -1 159 -1 0
2  163 -1 162 -1 0
2  166 -1 165 -1 0
2  169 -1 168 -1 0
Curve2ds 446
1 -300 -300 1 0 
1 -300 300 0 -1 
1 -300 -300 1 0 
1 300 300 -1 0 
1 -300 300 0 -1 
1 -300 -300 1 0 
1 300 300 -1 0 
1 -300 300 0 -1 
1 -300 -300 1 0 
1 300 -300 0 1 
1 300 300 -1 0 
1 -300 300 0 -1 
1 300 -300 0 1 
1 0 -600 1 0 
1 0 0 0 -1 
1 0 0 1 0 
1 600 0 0 -1 
1 0 -600 1 0 
1 0 0 0 -1 
1 0 600 1 0 
1 0 0 1 0 
1 0 0 0 1 
1 0 600 1 0 
1 600 0 0 1 
1 0 0 1 0 
1 0 600 1 0 
1 0 0 1 0 
1 6.2831853071795862 -0 0 1 
1 0 -0 0 1 
1 0 0 1 0 
2 0 0 1 0 -0 1 10
1 0 100 1 0 
2 0 0 1 0 -0 1 10
1 6.2831853071795862 -0 0 1 
1 0 -0 0 1 
1 0 0 1 0 
2 0 0 1 0 -0 1 10
8 0 1
7 0 0  1 2 2  -0.5 -0.5  0.5 -0.5 
 0 2 1 2
8 0 1
7 0 0  1 2 2  0.5 -0.5  0.5 0.5 
 0 2 1 2
8 0 1
7 0 0  1 2 2  0.5 0.5  -0.5 0.5 
 0 2 1 2
8 0 1
7 0 0  1 2 2  -0.5 0.5  -0.5 -0.5 
 0 2 1 2
8 0 1
7 0 0  1 2 2  -0.5 -0.5  0.5 -0.5 
 0 2 1 2
8 0 1
7 0 0  1 2 2  0.5 -0.5  0.5 0.5 
 0 2 1 2
8 0 1
7 0 0  1 2 2  0.5 0.5  -0.5 0.5 
 0 2 1 2
8 0 1
7 0 0  1 2 2  -0.5 0.5  -0.5 -0.5 
 0 2 1 2
8 0 1
7 0 0  1 2 2  -0.5 -0.5  0.5 -0.5 
 0 2 1 2
8 0 1
7 0 0  1 2 2  0.5 -0.5  0.5 0.5 
 0 2 1 2
8 0 1
7 0 0  1 2 2  0.5 0.5  -0.5 0.5 
 0 2 1 2
8 0 1
7 0 0  1 2 2  -0.5 0.5  -0.5 -0.5 
 0 2 1 2
8 0 1
7 0 0  1 2 2  -0.5 -0.5  0.5 -0.5 
 0 2 1 2
8 0 1
7 0 0  1 2 2  0.5 -0.5  0.5 0.5 
 0 2 1 2
8 0 1
7 0 0  1 2 2  0.5 0.5  -0.5 0.5 
 0 2 1 2
8 0 1
7 0 0  1 2 2  -0.5 0.5  -0.5 -0.5 
 0 2 1 2
8 0 1
7 0 0  1 2 2  -0.5 -0.5  0.5 -0.5 
 0 2 1 2
8 0 1
7 0 0  1 2 2  0.5 -0.5  0.5 0.5 
 0 2 1 2
8 0 1
7 0 0  1 2 2  0.5 0.5  -0.5 0.5 
 0 2 1 2
8 0 1
7 0 0  1 2 2  -0.5 0.5  -0.5 -0.5 
 0 2 1 2
8 0 1
7 0 0  1 2 2  -0.5 -0.5  0.5 -0.5 
 0 2 1 2
8 0 1
7 0 0  1 2 2  0.5 -0.5  0.5 0.5 
 0 2 1 2
8 0 1
7 0 0  1 2 2  0.5 0.5  -0.5 0.5 
 0 2 1 2
8 0 1
7 0 0  1 2 2  -0.5 0.5  -0.5 -0.5 
 0 2 1 2
8 0 1
7 0 0  1 2 2  -0.5 -0.5  0.5 -0.5 
 0 2 1 2
8 0 1
7 0 0  1 2 2  0.5 -0.5  0.5 0.5 
 0 2 1 2
8 0 1
7 0 0  1 2 2  0.5 0.5  -0.5 0.5 
 0 2 1 2
8 0 1
7 0 0  1 2 2  -0.5 0.5  -0.5 -0.5 
 0 2 1 2
8 0 1
7 0 0  1 2 2  -0.5 -0.5  0.5 -0.5 
 0 2 1 2
8 0 1
7 0 0  1 2 2  0.5 -0.5  0.5 0.5 
 0 2 1 2
8 0 1
7 0 0  1 2 2  0.5 0.5  -0.5 0.5 
 0 2 1 2
8 0 1
7 0 0  1 2 2  -0.5 0.5  -0.5 -0.5 
 0 2 1 2
8 0 1
7 0 0  1 2 2  -0.5 -0.5  0.5 -0.5 
 0 2 1 2
8 0 1
7 0 0  1 2 2  0.5 -0.5  0.5 0.5 
 0 2 1 2
8 0 1
7 0 0  1 2 2  0.5 0.5  -0.5 0.5 
 0 2 1 2
8 0 1
7 0 0  1 2 2  -0.5 0.5  -0.5 -0.5 
 0 2 1 2
8 0 1
7 0 0  1 2 2  -0.5 -0.5  0.5 -0.5 
 0 2 1 2
8 0 1
7 0 0  1 2 2  0.5 -0.5  0.5 0.5 
 0 2 1 2
8 0 1
7 0 0  1 2 2  0.5 0.5  -0.5 0.5 
 0 2 1 2
8 0 1
7 0 0  1 2 2  -0.5 0.5  -0.5 -0.5 
 0 2 1 2
8 0 1
7 0 0  1 2 2  -0.5 -0.5  0.5 -0.5 
 0 2 1 2
8 0 1
7 0 0  1 2 2  0.5 -0.5  0.5 0.5 
 0 2 1 2
8 0 1
7 0 0  1 2 2  0.5 0.5  -0.5 0.5 
 0 2 1 2
8 0 1
7 0 0  1 2 2  -0.5 0.5  -0.5 -0.5 
 0 2 1 2
8 0 1
7 0 0  1 2 2  -0.5 -0.5  0.5 -0.5 
 0 2 1 2
8 0 1
7 0 0  1 2 2  0.5 -0.5  0.5 0.5 
 0 2 1 2
8 0 1
7 0 0  1 2 2  0.5 0.5  -0.5 0.5 
 0 2 1 2
8 0 1
7 0 0  1 2 2  -0.5 0.5  -0.5 -0.5 
 0 2 1 2
8 0 1
7 0 0  1 2 2  -0.5 -0.5  0.5 -0.5 
 0 2 1 2
8 0 1
7 0 0  1 2 2  0.5 -0.5  0.5 0.5 
 0 2 1 2
8 0 1
7 0 0  1 2 2  0.5 0.5  -0.5 0.5 
 0 2 1 2
8 0 1
7 0 0  1 2 2  -0.5 0.5  -0.5 -0.5 
 0 2 1 2
8 0 1
7 0 0  1 2 2  -0.5 -0.5  0.5 -0.5 
 0 2 1 2
8 0 1
7 0 0  1 2 2  0.5 -0.5  0.5 0.5 
 0 2 1 2
8 0 1
7 0 0  1 2 2  0.5 0.5  -0.5 0.5 
 0 2 1 2
8 0 1
7 0 0  1 2 2  -0.5 0.5  -0.5 -0.5 
 0 2 1 2
8 0 1
7 0 0  1 2 2  -0.5 -0.5  0.5 -0.5 
 0 2 1 2
8 0 1
7 0 0  1 2 2  0.5 -0.5  0.5 0.5 
 0 2 1 2
8 0 1
7 0 0  1 2 2  0.5 0.5  -0.5 0.5 
 0 2 1 2
8 0 1
7 0 0  1 2 2  -0.5 0.5  -0.5 -0.5 
 0 2 1 2
8 0 1
7 0 0  1 2 2  -0.5 -0.5  0.5 -0.5 
 0 2 1 2
8 0 1
7 0 0  1 2 2  0.5 -0.5  0.5 0.5 
 0 2 1 2
8 0 1
7 0 0  1 2 2  0.5 0.5  -0.5 0.5 
 0 2 1 2
8 0 1
7 0 0  1 2 2  -0.5 0.5  -0.5 -0.5 
 0 2 1 2
8 0 1
7 0 0  1 2 2  -0.5 -0.5  0.5 -0.5 
 0 2 1 2
8 0 1
7 0 0  1 2 2  0.5 -0.5  0.5 0.5 
 0 2 1 2
8 0 1
7 0 0  1 2 2  0.5 0.5  -0.5 0.5 
 0 2 1 2
8 0 1
7 0 0  1 2 2  -0.5 0.5  -0.5 -0.5 
 0 2 1 2
8 0 1
7 0 0  1 2 2  -0.5 -0.5  0.5 -0.5 
 0 2 1 2
8 0 1
7 0 0  1 2 2  0.5 -0.5  0.5 0.5 
 0 2 1 2
8 0 1
7 0 0  1 2 2  0.5 0.5  -0.5 0.5 
 0 2 1 2
8 0 1
7 0 0  1 2 2  -0.5 0.5  -0.5 -0.5 
 0 2 1 2
8 0 1
7 0 0  1 2 2  -0.5 -0.5  0.5 -0.5 
 0 2 1 2
8 0 1
7 0 0  1 2 2  0.5 -0.5  0.5 0.5 
 0 2 1 2
8 0 1
7 0 0  1 2 2  0.5 0.5  -0.5 0.5 
 0 2 1 2
8 0 1
7 0 0  1 2 2  -0.5 0.5  -0.5 -0.5 
 0 2 1 2
8 0 1
7 0 0  1 2 2  -0.5 -0.5  0.5 -0.5 
 0 2 1 2
8 0 1
7 0 0  1 2 2  0.5 -0.5  0.5 0.5 
 0 2 1 2
8 0 1
7 0 0  1 2 2  0.5 0.5  -0.5 0.5 
 0 2 1 2
8 0 1
7 0 0  1 2 2  -0.5 0.5  -0.5 -0.5 
 0 2 1 2
8 0 1
7 0 0  1 2 2  -0.5 0.5  -0.5 -0.5 
 0 2 1 2
8 0 1
7 0 0  1 2 2  0.5 0.5  -0.5 0.5 
 0 2 1 2
8 0 1
7 0 0  1 2 2  0.5 -0.5  0.5 0.5 
 0 2 1 2
7 0 0  1 2 2  0.2885934137756323 -0.5  0.5 -0.21412606614076579 
 0 2 1 2
7 0 0  1 2 2  0.025986078196215862 0.22144088248774221  0.17778887964470366 0.11803068043753084 
 0 2 1 2
8 0 1
7 0 0  1 2 2  -0.5 -0.5  0.5 -0.5 
 0 2 1 2
8 0 1
7 0 0  1 2 2  -0.5 0.5  -0.5 -0.5 
 0 2 1 2
8 0 1
7 0 0  1 2 2  0.5 0.5  -0.5 0.5 
 0 2 1 2
8 0 1
7 0 0  1 2 2  0.5 -0.5  0.5 0.5 
 0 2 1 2
7 0 0  1 2 2  -0.4087891407731068 -0.5  0.5 -0.38437562382422624 
 0 2 1 2
7 0 0  1 2 2  0.20163248857577526 -0.43790725907928912  0.30285924967697375 -0.15244838982470726 
 0 2 1 2
8 0 1
7 0 0  1 2 2  -0.5 -0.5  0.5 -0.5 
 0 2 1 2
7 0 0  1 2 2  -0.17157477625097295 -0.5  -0.14965789306175464 -0.46437592690351503 
 0 2 1 2
7 0 0  1 2 2  -0.33655480506506236 0.46694511204560146  -0.32459501371532906 0.5 
 0 2 1 2
7 0 0  1 2 2  -0.5 -0.49524066446502468  -0.17941412323951234 -0.1797779740191694 
 0 2 1 2
7 0 0  1 2 2  -0.057677644798736431 -0.23851394923291702  -0.094529521393817054 -0.5 
 0 2 1 2
7 0 0  1 2 2  0.070097724949383905 -0.4896592596079814  0.39195236219102381 -0.26048086541229476 
 0 2 1 2
7 0 0  1 2 2  -0.28190010034797852 0.5  -0.5 0.21358462356053676 
 0 2 1 2
8 0 1
7 0 0  1 2 2  -0.5 0.5  -0.5 -0.5 
 0 2 1 2
7 0 0  1 2 2  -0.5 0.40820729065935041  -0.32033052808021567 0.5 
 0 2 1 2
7 0 0  1 2 2  0.18419373155986632 -0.4188109554257608  0.2316815219173417 -0.35521674225004096 
 0 2 1 2
8 0 1
7 0 0  1 2 2  0.5 0.5  -0.5 0.5 
 0 2 1 2
8 0 1
7 0 0  1 2 2  0.5 -0.5  0.5 0.5 
 0 2 1 2
8 0 1
7 0 0  1 2 2  -0.5 -0.5  0.5 -0.5 
 0 2 1 2
8 0 1
7 0 0  1 2 2  -0.5 0.5  -0.5 -0.5 
 0 2 1 2
7 0 0  1 2 2  -0.24778948268659157 0.27967890277353374  0.2021615002920451 0.38786046796154905 
 0 2 1 2
7 0 0  1 2 2  -0.5 0.3685502877329816  0.5 0.17205636227532906 
 0 2 1 2
8 0 1
7 0 0  1 2 2  0.5 -0.5  0.5 0.5 
 0 2 1 2
8 0 1
7 0 0  1 2 2  -0.5 -0.5  0.5 -0.5 
 0 2 1 2
8 0 1
7 0 0  1 2 2  0.5 0.5  -0.5 0.5 
 0 2 1 2
8 0 1
7 0 0  1 2 2  -0.5 0.5  -0.5 -0.5 
 0 2 1 2
7 0 0  1 2 2  -0.5 0.33578269883638323  -0.17878437048956919 0.5 
 0 2 1 2
7 0 0  1 2 2  0.3001919072271767 -0.49412570417992258  -0.11859970582705814 -0.4540035632702632 
 0 2 1 2
8 0 1
7 0 0  1 2 2  0.5 0.5  -0.5 0.5 
 0 2 1 2
8 0 1
7 0 0  1 2 2  0.5 -0.5  0.5 0.5 
 0 2 1 2
8 0 1
7 0 0  1 2 2  -0.5 -0.5  0.5 -0.5 
 0 2 1 2
7 0 0  1 2 2  -0.5 0.35400394615828318  -0.22025425948171207 0.4779955048605628 
 0 2 1 2
7 0 0  1 2 2  -0.084891298027179707 -0.14841188012098921  -0.5 -0.060748477619122887 
 0 2 1 2
8 0 1
7 0 0  1 2 2  -0.5 0.5  -0.5 -0.5 
 0 2 1 2
7 0 0  1 2 2  -0.5 -0.46919490950831455  -0.46735807784848959 -0.5 
 0 2 1 2
7 0 0  1 2 2  -0.074604429074092982 0.033955478713496315  -0.043799875169577555 0.052141753728100836 
 0 2 1 2
8 0 1
7 0 0  1 2 2  -0.5 -0.5  0.5 -0.5 
 0 2 1 2
8 0 1
7 0 0  1 2 2  0.5 0.5  -0.5 0.5 
 0 2 1 2
8 0 1
7 0 0  1 2 2  0.5 -0.5  0.5 0.5 
 0 2 1 2
7 0 0  1 2 2  -0.1300621020595773 -0.11187493029295364  0.012704104179087933 -0.47014405401564008 
 0 2 1 2
7 0 0  1 2 2  0.50000000000000011 -0.37649081849331989  0.06597726464243607 0.5 
 0 2 1 2
8 0 1
7 0 0  1 2 2  -0.5 0.5  -0.5 -0.5 
 0 2 1 2
8 0 1
7 0 0  1 2 2  0.5 0.5  -0.5 0.5 
 0 2 1 2
8 0 1
7 0 0  1 2 2  0.5 -0.5  0.5 0.5 
 0 2 1 2
7 0 0  1 2 2  0.26753611517222403 0.13521117458635953  0.29231176580135326 0.30248801419556437 
 0 2 1 2
7 0 0  1 2 2  0.5 -0.38159869628519505  0.25233213544469685 -0.50000000000000056 
 0 2 1 2
8 0 1
7 0 0  1 2 2  -0.5 -0.5  0.5 -0.5 
 0 2 1 2
8 0 1
7 0 0  1 2 2  -0.5 0.5  -0.5 -0.5 
 0 2 1 2
7 0 0  1 2 2  0.32240638732749738 -0.25716608641855365  -0.039995647262451986 -0.2769047701307622 
 0 2 1 2
7 0 0  1 2 2  -0.5 0.42652474642554628  0.5 0.40457652470077943 
 0 2 1 2
8 0 1
7 0 0  1 2 2  0.5 -0.5  0.5 0.5 
 0 2 1 2
8 0 1
7 0 0  1 2 2  -0.5 -0.5  0.5 -0.5 
 0 2 1 2
7 0 0  1 2 2  -0.41698055924319471 0.5  -0.29341963044795344 0.26593205034704231 
 0 2 1 2
7 0 0  1 2 2  0.079350326172970831 -0.28004441090227444  0.2821487790839905 -0.5 
 0 2 1 2
8 0 1
7 0 0  1 2 2  0.5 0.5  -0.5 0.5 
 0 2 1 2
8 0 1
7 0 0  1 2 2  -0.5 0.5  -0.5 -0.5 
 0 2 1 2
8 0 1
7 0 0  1 2 2  0.5 0.5  -0.5 0.5 
 0 2 1 2
8 0 1
7 0 0  1 2 2  0.5 -0.5  0.5 0.5 
 0 2 1 2
8 0 1
7 0 0  1 2 2  -0.5 -0.5  0.5 -0.5 
 0 2 1 2
7 0 0  1 2 2  -0.32911637020455864 0.1884740529387299  -0.46464673003911988 -0.15366609881740809 
 0 2 1 2
7 0 0  1 2 2  0.5 0.35067007885865531  -0.43247520995742156 0.5 
 0 2 1 2
7 0 0  1 2 2  -0.5 0.067919241317909329  -0.017447831843049377 0.39415207360671034 
 0 2 1 2
7 0 0  1 2 2  0.19723306815869535 0.27649965466106291  -0.5 0.18710985097231281 
 0 2 1 2
8 0 1
7 0 0  1 2 2  0.5 0.5  -0.5 0.5 
 0 2 1 2
8 0 1
7 0 0  1 2 2  0.5 -0.5  0.5 0.5 
 0 2 1 2
8 0 1
7 0 0  1 2 2  -0.5 0.5  -0.5 -0.5 
 0 2 1 2
7 0 0  1 2 2  -0.325321379547786 -0.059417694282171106  0.47905635493985249 0.21285356663812402 
 0 2 1 2
7 0 0  1 2 2  0.5 -0.37986560541610853  -0.5 -0.10924591698283331 
 0 2 1 2
8 0 1
7 0 0  1 2 2  0.5 -0.5  0.5 0.5 
 0 2 1 2
8 0 1
7 0 0  1 2 2  -0.5 -0.5  0.5 -0.5 
 0 2 1 2
8 0 1
7 0 0  1 2 2  0.5 0.5  -0.5 0.5 
 0 2 1 2
8 0 1
7 0 0  1 2 2  -0.5 -0.5  0.5 -0.5 
 0 2 1 2
8 0 1
7 0 0  1 2 2  -0.5 0.5  -0.5 -0.5 
 0 2 1 2
8 0 1
7 0 0  1 2 2  0.5 -0.5  0.5 0.5 
 0 2 1 2
8 0 1
7 0 0  1 2 2  0.5 0.5  -0.5 0.5 
 0 2 1 2
7 0 0  1 2 2  -0.3371517670037309 0.31164491555861534  -0.29932670638392822 0.5 
 0 2 1 2
7 0 0  1 2 2  0.49999999999999994 -0.40296263177411878  0.43632782766831085 -0.27624260125397193 
 0 2 1 2
8 0 1
7 0 0  1 2 2  -0.5 -0.5  0.5 -0.5 
 0 2 1 2
8 0 1
7 0 0  1 2 2  -0.5 0.5  -0.5 -0.5 
 0 2 1 2
8 0 1
7 0 0  1 2 2  0.5 -0.5  0.5 0.5 
 0 2 1 2
8 0 1
7 0 0  1 2 2  0.5 0.5  -0.5 0.5 
 0 2 1 2
8 0 1
7 0 0  1 2 2  -0.5 -0.5  0.5 -0.5 
 0 2 1 2
8 0 1
7 0 0  1 2 2  -0.5 0.5  -0.5 -0.5 
 0 2 1 2
8 0 1
7 0 0  1 2 2  0.5 -0.5  0.5 0.5 
 0 2 1 2
8 0 1
7 0 0  1 2 2  0.5 0.5  -0.5 0.5 
 0 2 1 2
7 0 0  1 2 2  0.44539734520684415 0.088090652607809683  0.5 0.090078667973307575 
 0 2 1 2
7 0 0  1 2 2  -0.059506013355496323 -0.5  -0.053456272447997541 -0.47804796476357542 
 0 2 1 2
7 0 0  1 2 2  0.054841423003584057 -0.46387073725923  0.5 -0.098805407495207387 
 0 2 1 2
7 0 0  1 2 2  0.39634199528947739 0.5  0.36998322991246119 0.074740604762697463 
 0 2 1 2
8 0 1
7 0 0  1 2 2  -0.5 -0.5  0.5 -0.5 
 0 2 1 2
8 0 1
7 0 0  1 2 2  -0.5 0.5  -0.5 -0.5 
 0 2 1 2
8 0 1
7 0 0  1 2 2  0.5 -0.5  0.5 0.5 
 0 2 1 2
8 0 1
7 0 0  1 2 2  0.5 0.5  -0.5 0.5 
 0 2 1 2
7 0 0  1 2 2  -0.007539764015627809 0.12248156754084438  0.099976681224665395 0.5 
 0 2 1 2
7 0 0  1 2 2  -0.10466677154485027 -0.5  -0.25339942043106067 -0.30471233763403105 
 0 2 1 2
8 0 1
7 0 0  1 2 2  -0.5 -0.5  0.5 -0.5 
 0 2 1 2
8 0 1
7 0 0  1 2 2  -0.5 0.5  -0.5 -0.5 
 0 2 1 2
8 0 1
7 0 0  1 2 2  0.5 -0.5  0.5 0.5 
 0 2 1 2
8 0 1
7 0 0  1 2 2  0.5 0.5  -0.5 0.5 
 0 2 1 2
7 0 0  1 2 2  -0.03366904546979714 0.49551795763958134  0.49999999999999994 0.48598552801981221 
 0 2 1 2
7 0 0  1 2 2  0.1363761103774534 -0.5  -0.4604317463707433 -0.05927966378409133 
 0 2 1 2
8 0 1
7 0 0  1 2 2  -0.5 -0.5  0.5 -0.5 
 0 2 1 2
8 0 1
7 0 0  1 2 2  -0.5 0.5  -0.5 -0.5 
 0 2 1 2
8 0 1
7 0 0  1 2 2  0.5 -0.5  0.5 0.5 
 0 2 1 2
8 0 1
7 0 0  1 2 2  0.5 0.5  -0.5 0.5 
 0 2 1 2
7 0 0  1 2 2  -0.0048628961620230254 -0.034921050758906114  0.5 -0.28421576293802137 
 0 2 1 2
7 0 0  1 2 2  0.19713541669992649 0.49999999999999994  0.038009245783741263 0.2627041343525448 
 0 2 1 2
7 0 0  1 2 2  0.12492710365150736 0.46292739624567658  0.5 0.19604233119479952 
 0 2 1 2
7 0 0  1 2 2  0.085866586024141323 0.5  0.013111368749813494 0.48413291594846503 
 0 2 1 2
8 0 1
7 0 0  1 2 2  -0.5 -0.5  0.5 -0.5 
 0 2 1 2
8 0 1
7 0 0  1 2 2  -0.5 0.5  -0.5 -0.5 
 0 2 1 2
8 0 1
7 0 0  1 2 2  0.5 0.5  -0.5 0.5 
 0 2 1 2
8 0 1
7 0 0  1 2 2  0.5 -0.5  0.5 0.5 
 0 2 1 2
7 0 0  1 2 2  0.25422381225793012 -0.5  -0.10258048816509303 -0.3490728347839947 
 0 2 1 2
7 0 0  1 2 2  -0.178933933653631 -0.24317869876698292  0.5 -0.13185041811621645 
 0 2 1 2
7 0 0  1 2 2  -0.45519593533944525 -0.0060141018301978315  -0.5 -0.023021874909789485 
 0 2 1 2
7 0 0  1 2 2  -0.5 -0.00027709820848242916  -0.44717278535578353 -0.13896798067074836 
 0 2 1 2
8 0 1
7 0 0  1 2 2  -0.5 -0.5  0.5 -0.5 
 0 2 1 2
8 0 1
7 0 0  1 2 2  -0.5 0.5  -0.5 -0.5 
 0 2 1 2
8 0 1
7 0 0  1 2 2  0.5 -0.5  0.5 0.5 
 0 2 1 2
8 0 1
7 0 0  1 2 2  0.5 0.5  -0.5 0.5 
 0 2 1 2
8 0 1
7 0 0  1 2 2  -0.5 -0.5  0.5 -0.5 
 0 2 1 2
8 0 1
7 0 0  1 2 2  -0.5 0.5  -0.5 -0.5 
 0 2 1 2
8 0 1
7 0 0  1 2 2  0.5 0.5  -0.5 0.5 
 0 2 1 2
8 0 1
7 0 0  1 2 2  0.5 -0.5  0.5 0.5 
 0 2 1 2
8 0 1
7 0 0  1 2 2  -0.5 -0.5  0.5 -0.5 
 0 2 1 2
8 0 1
7 0 0  1 2 2  -0.5 0.5  -0.5 -0.5 
 0 2 1 2
8 0 1
7 0 0  1 2 2  0.5 -0.5  0.5 0.5 
 0 2 1 2
8 0 1
7 0 0  1 2 2  0.5 0.5  -0.5 0.5 
 0 2 1 2
8 0 1
7 0 0  1 2 2  -0.5 -0.5  0.5 -0.5 
 0 2 1 2
8 0 1
7 0 0  1 2 2  -0.5 0.5  -0.5 -0.5 
 0 2 1 2
8 0 1
7 0 0  1 2 2  0.5 -0.5  0.5 0.5 
 0 2 1 2
8 0 1
7 0 0  1 2 2  0.5 0.5  -0.5 0.5 
 0 2 1 2
8 0 1
7 0 0  1 2 2  -0.5 -0.5  0.5 -0.5 
 0 2 1 2
8 0 1
7 0 0  1 2 2  -0.5 0.5  -0.5 -0.5 
 0 2 1 2
8 0 1
7 0 0  1 2 2  0.5 0.5  -0.5 0.5 
 0 2 1 2
8 0 1
7 0 0  1 2 2  0.5 -0.5  0.5 0.5 
 0 2 1 2
8 0 1
7 0 0  1 2 2  -0.5 -0.5  0.5 -0.5 
 0 2 1 2
8 0 1
7 0 0  1 2 2  -0.5 0.5  -0.5 -0.5 
 0 2 1 2
8 0 1
7 0 0  1 2 2  0.5 -0.5  0.5 0.5 
 0 2 1 2
8 0 1
7 0 0  1 2 2  0.5 0.5  -0.5 0.5 
 0 2 1 2
8 0 1
7 0 0  1 2 2  -0.5 -0.5  0.5 -0.5 
 0 2 1 2
8 0 1
7 0 0  1 2 2  -0.5 0.5  -0.5 -0.5 
 0 2 1 2
8 0 1
7 0 0  1 2 2  0.5 -0.5  0.5 0.5 
 0 2 1 2
8 0 1
7 0 0  1 2 2  0.5 0.5  -0.5 0.5 
 0 2 1 2
1 0 0 1 0 
1 0 0 1 0 
1 600 0 0 -1 
1 0 0 0 1 
1 0 -600 1 0 
1 0 0 1 0 
1 0 0 0 1 
1 0 0 1 0 
1 0 600 1 0 
1 0 0 1 0 
1 600 0 0 1 
1 0 0 1 0 
1 0 600 1 0 
1 600 0 0 1 
1 600 0 0 1 
1 600 0 0 -1 
1 0 0 0 1 
1 0 600 1 0 
1 0 600 1 0 
1 0 -600 1 0 
1 600 0 0 1 
1 0 0 0 -1 
1 0 100 1 0 
2 0 0 1 0 -0 1 10
1 6.2831853071795862 -0 0 1 
1 0 -0 0 1 
1 0 0 1 0 
2 0 0 1 0 -0 1 10
1 0 100 1 0 
2 0 0 1 0 -0 1 10
1 6.2831853071795862 -0 0 1 
1 0 -0 0 1 
8 0 1
7 0 0  1 2 2  -0.5 0.5  -0.5 -0.5 
 0 2 1 2
8 0 1
